2065 45379403
1678 77726331
1641 870244616003403781
1582 1028022611324747776
1312 711608180535640064
1281 139109800
1234 177400353
1216 832019161454817280
1159 29447428
1139 1060440219097423872
1124 302984766
1059 1475643712596168706
1052 631283641
1052 2530758806
994 192374137
982 4757894056
937 2574271742
914 950215424981028864
909 2886667320
891 1353306974939738113
862 1155192156
855 578601744
850 18218403
826 4213849704
801 2332033299
795 3040987923
736 29188599
698 118166719
647 1308267623327518725
634 3231054096
629 527445533
618 2800413166
594 1496792408792903684
547 1387010761994682371
514 1031000589054828544
512 4842395709
503 936620120255934466
494 614600545
434 41186732
430 86010091
411 826615125297680384
409 17531651
404 1921951394
395 348764745
375 3453306553
374 1148374192586481664
362 997262774
355 59028892
351 828578052942741505
341 1099522514366001152
313 426361581
305 244954523
302 981436419087523840
302 1264114113925402624
295 935349971129311233
293 1373739644
291 39508140
288 853523328
288 1471037967926018051
286 41653384
284 1263391922657337345
271 42091962
270 940778288871542786
263 838381908656603144
253 308045021
250 1494715792474230788
240 829874722510880768
215 100256670
213 1229752606714728454
181 1477609642184396806
162 1476778228236931073
144 870970040878862337
141 967871677399994368
139 1417952253449842692
132 1484955952419803137
128 388618787
121 1687521895
117 3222067490
116 1261203450022359043
110 977710998
95 804582780298412032
90 2676799425
78 1255626720578867202
76 1497976259296563200
75 1101084489885863936
74 1492690652529889282
74 124385387
66 885212127866257410
62 1472366361322024966
57 4703167472
52 881623250
47 1276065476041465863
45 938494109844729856
36 1309237180418666499
35 881978047
30 1237015212160700416
30 1159870188420046848
29 738414815660670976
26 195578878
24 1415531907148926980
23 1334195751753277445
23 1154228711731990528
20 915201181500297216
19 1501582959991734279
13 3264938916
12 4000403652
12 1337664957085671424
11 144904056
11 1433816787016114177
6 1505184995002011649
5 48074704
5 1342112045555097601
