      2 74
      2 5
      2 302
      2 30
      2 288
      2 23
      2 12
      2 11
      2 1052
      1 994
      1 982
      1 95
      1 937
      1 914
      1 909
      1 90
      1 891
      1 862
      1 855
      1 850
      1 826
      1 801
      1 795
      1 78
      1 76
      1 75
      1 736
      1 698
      1 66
      1 647
      1 634
      1 629
      1 62
      1 618
      1 6
      1 594
      1 57
      1 547
      1 52
      1 514
      1 512
      1 503
      1 494
      1 47
      1 45
      1 434
      1 430
      1 411
      1 409
      1 404
      1 395
      1 375
      1 374
      1 362
      1 36
      1 355
      1 351
      1 35
      1 341
      1 313
      1 305
      1 295
      1 293
      1 291
      1 29
      1 286
      1 284
      1 271
      1 270
      1 263
      1 26
      1 253
      1 250
      1 240
      1 24
      1 215
      1 213
      1 2065
      1 20
      1 19
      1 181
      1 1678
      1 1641
      1 162
      1 1582
      1 144
      1 141
      1 139
      1 132
      1 1312
      1 13
      1 1281
      1 128
      1 1234
      1 1216
      1 121
      1 117
      1 116
      1 1159
      1 1139
      1 1124
      1 110
      1 1059
