870244616003403781
804582780298412032
870244616003403781
139109800
870244616003403781
1028022611324747776
2574271742
870244616003403781
45379403
578601744
177400353
578601744
578601744
1028022611324747776
870244616003403781
177400353
711608180535640064
804582780298412032
302984766
118166719
870244616003403781
177400353
950215424981028864
870244616003403781
45379403
45379403
3231054096
711608180535640064
177400353
139109800
302984766
139109800
302984766
870244616003403781
4757894056
711608180535640064
118166719
870244616003403781
870244616003403781
2886667320
4842395709
631283641
870244616003403781
3231054096
1229752606714728454
244954523
29447428
614600545
29447428
302984766
870244616003403781
118166719
711608180535640064
2574271742
870244616003403781
870244616003403781
77726331
1028022611324747776
578601744
77726331
711608180535640064
348764745
139109800
29447428
1229752606714728454
41186732
804582780298412032
177400353
45379403
1229752606714728454
45379403
1060440219097423872
870244616003403781
804582780298412032
870244616003403781
100256670
1060440219097423872
177400353
950215424981028864
118166719
139109800
192374137
1921951394
1060440219097423872
302984766
77726331
870244616003403781
302984766
2530758806
578601744
41186732
870244616003403781
1387010761994682371
77726331
870244616003403781
29447428
118166719
832019161454817280
77726331
177400353
41186732
870244616003403781
3231054096
870244616003403781
302984766
1264114113925402624
870244616003403781
302984766
1060440219097423872
41186732
1060440219097423872
832019161454817280
614600545
388618787
1264114113925402624
199452338
870244616003403781
199452338
199452338
1308267623327518725
118166719
29447428
711608180535640064
1263391922657337345
1060440219097423872
86010091
86010091
2332033299
3231054096
1060440219097423872
139109800
118166719
1229752606714728454
77726331
177400353
177400353
1028022611324747776
1308267623327518725
870244616003403781
614600545
29447428
1496792408792903684
118166719
1060440219097423872
1155192156
1261203450022359043
870244616003403781
199452338
2886667320
614600545
29447428
578601744
302984766
4757894056
2530758806
614600545
45379403
1060440219097423872
45379403
870244616003403781
1387010761994682371
832019161454817280
4757894056
826615125297680384
1060440219097423872
1496792408792903684
4213849704
1264114113925402624
45379403
870244616003403781
302984766
981436419087523840
578601744
870244616003403781
3040987923
17531651
302984766
4757894056
832019161454817280
302984766
45379403
828578052942741505
2886667320
1060440219097423872
302984766
578601744
578601744
41186732
1060440219097423872
39508140
3231054096
832019161454817280
832019161454817280
1229752606714728454
1060440219097423872
45379403
1060440219097423872
711608180535640064
2332033299
1387010761994682371
832019161454817280
711608180535640064
711608180535640064
870244616003403781
45379403
77726331
302984766
870244616003403781
4842395709
578601744
177400353
3040987923
870244616003403781
631283641
302984766
41186732
2574271742
1471037967926018051
1263391922657337345
29447428
29447428
2574271742
1261203450022359043
1353306974939738113
1229752606714728454
29188599
59028892
1475643712596168706
1028022611324747776
177400353
1060440219097423872
302984766
1263391922657337345
177400353
614600545
832019161454817280
199452338
838381908656603144
302984766
804582780298412032
1308267623327518725
45379403
118166719
1060440219097423872
1387010761994682371
614600545
631283641
1229752606714728454
578601744
45379403
631283641
77726331
45379403
631283641
177400353
1387010761994682371
45379403
302984766
3453306553
870244616003403781
870244616003403781
1373739644
2574271742
578601744
41186732
826615125297680384
1060440219097423872
1060440219097423872
578601744
1060440219097423872
981436419087523840
711608180535640064
826615125297680384
77726331
302984766
302984766
614600545
4757894056
1387010761994682371
2530758806
578601744
1387010761994682371
1263391922657337345
1229752606714728454
1921951394
936620120255934466
177400353
45379403
950215424981028864
870244616003403781
1060440219097423872
832019161454817280
870244616003403781
77726331
1155192156
41186732
1921951394
302984766
870244616003403781
124385387
870244616003403781
41186732
2574271742
177400353
578601744
86010091
870244616003403781
302984766
1308267623327518725
1308267623327518725
950215424981028864
41186732
45379403
2332033299
832019161454817280
1060440219097423872
1060440219097423872
2800413166
1155192156
614600545
1060440219097423872
118166719
177400353
177400353
1264114113925402624
45379403
302984766
981436419087523840
177400353
870244616003403781
832019161454817280
578601744
940778288871542786
302984766
2574271742
1308267623327518725
199452338
192374137
1261203450022359043
199452338
832019161454817280
832019161454817280
302984766
2332033299
2800413166
614600545
870244616003403781
29447428
828578052942741505
302984766
2332033299
578601744
578601744
1155192156
1229752606714728454
614600545
3231054096
804582780298412032
177400353
1060440219097423872
870244616003403781
950215424981028864
1308267623327518725
45379403
1472366361322024966
302984766
1060440219097423872
139109800
1264114113925402624
3231054096
631283641
177400353
1308267623327518725
711608180535640064
118166719
832019161454817280
1308267623327518725
2886667320
711608180535640064
631283641
41186732
177400353
832019161454817280
45379403
936620120255934466
45379403
177400353
302984766
950215424981028864
3231054096
870244616003403781
870244616003403781
3264938916
1229752606714728454
192374137
578601744
1373739644
2574271742
302984766
45379403
302984766
2530758806
1353306974939738113
578601744
1148374192586481664
967871677399994368
1028022611324747776
870244616003403781
614600545
614600545
870244616003403781
41186732
940778288871542786
4757894056
1417952253449842692
2530758806
935349971129311233
870244616003403781
614600545
45379403
838381908656603144
614600545
870244616003403781
3231054096
1477609642184396806
578601744
3231054096
870244616003403781
77726331
826615125297680384
1471037967926018051
870244616003403781
2574271742
936620120255934466
244954523
45379403
1060440219097423872
2530758806
1492690652529889282
244954523
2886667320
870244616003403781
870244616003403781
4757894056
870244616003403781
1387010761994682371
77726331
940778288871542786
1353306974939738113
77726331
614600545
870970040878862337
981436419087523840
2886667320
3222067490
4757894056
1387010761994682371
631283641
1155192156
3040987923
302984766
1264114113925402624
177400353
302984766
1155192156
29447428
302984766
177400353
804582780298412032
853523328
870244616003403781
870244616003403781
1475643712596168706
870244616003403781
711608180535640064
29188599
870970040878862337
631283641
29447428
29447428
2530758806
614600545
1028022611324747776
302984766
41186732
177400353
4757894056
177400353
177400353
1387010761994682371
631283641
59028892
614600545
3231054096
578601744
177400353
870970040878862337
578601744
199452338
302984766
1471037967926018051
711608180535640064
45379403
302984766
1155192156
41186732
940778288871542786
1060440219097423872
1471037967926018051
614600545
1387010761994682371
45379403
2530758806
118166719
177400353
77726331
124385387
4842395709
578601744
832019161454817280
936620120255934466
1921951394
804582780298412032
711608180535640064
631283641
1060440219097423872
29447428
1060440219097423872
527445533
177400353
870244616003403781
578601744
3453306553
29447428
870244616003403781
41186732
1921951394
950215424981028864
3453306553
177400353
1387010761994682371
1387010761994682371
614600545
981436419087523840
1031000589054828544
614600545
1237015212160700416
832019161454817280
45379403
804582780298412032
936620120255934466
1353306974939738113
578601744
86010091
2886667320
302984766
302984766
1148374192586481664
614600545
838381908656603144
631283641
41186732
1387010761994682371
29447428
302984766
4213849704
302984766
2886667320
3231054096
4757894056
3040987923
2530758806
2530758806
1497976259296563200
302984766
77726331
1229752606714728454
77726331
1387010761994682371
711608180535640064
29447428
1496792408792903684
348764745
940778288871542786
45379403
77726331
45379403
614600545
2800413166
870244616003403781
711608180535640064
578601744
1155192156
302984766
139109800
1373739644
1472366361322024966
77726331
45379403
29447428
302984766
1028022611324747776
1229752606714728454
177400353
631283641
870244616003403781
4757894056
45379403
1263391922657337345
838381908656603144
45379403
940778288871542786
118166719
2530758806
870970040878862337
1261203450022359043
29447428
1261203450022359043
244954523
29188599
177400353
302984766
1028022611324747776
4757894056
3231054096
29447428
832019161454817280
1155192156
3040987923
41186732
870244616003403781
45379403
3264938916
4757894056
4757894056
1229752606714728454
614600545
870244616003403781
826615125297680384
302984766
950215424981028864
177400353
1261203450022359043
1261203450022359043
1261203450022359043
177400353
1261203450022359043
118166719
614600545
940778288871542786
177400353
192374137
45379403
77726331
2530758806
302984766
77726331
870244616003403781
870244616003403781
1387010761994682371
870244616003403781
804582780298412032
139109800
4757894056
631283641
711608180535640064
308045021
614600545
1261203450022359043
1261203450022359043
302984766
1028022611324747776
29447428
29447428
853523328
29447428
631283641
870244616003403781
45379403
1028022611324747776
17531651
3453306553
578601744
1028022611324747776
870244616003403781
348764745
870970040878862337
1308267623327518725
302984766
832019161454817280
1497976259296563200
45379403
41653384
1261203450022359043
302984766
302984766
870244616003403781
2574271742
711608180535640064
614600545
870244616003403781
29447428
804582780298412032
981436419087523840
1155192156
302984766
967871677399994368
997262774
177400353
177400353
2574271742
614600545
1353306974939738113
1496792408792903684
527445533
1060440219097423872
826615125297680384
711608180535640064
711608180535640064
1308267623327518725
1471037967926018051
156688202
192374137
302984766
302984766
2530758806
870244616003403781
578601744
936620120255934466
711608180535640064
967871677399994368
17531651
45379403
302984766
711608180535640064
17531651
950215424981028864
1155192156
804582780298412032
981436419087523840
2530758806
302984766
578601744
1060440219097423872
1031000589054828544
870244616003403781
804582780298412032
828578052942741505
1028022611324747776
45379403
17531651
45379403
2574271742
29447428
29447428
177400353
1264114113925402624
1264114113925402624
177400353
177400353
45379403
578601744
118166719
17531651
1261203450022359043
45379403
2530758806
826615125297680384
302984766
3231054096
614600545
302984766
832019161454817280
1921951394
4213849704
302984766
302984766
302984766
804582780298412032
614600545
527445533
711608180535640064
977710998
804582780298412032
29447428
426361581
1308267623327518725
828578052942741505
3222067490
711608180535640064
77726331
45379403
3453306553
2800413166
804582780298412032
302984766
614600545
950215424981028864
29447428
631283641
2574271742
302984766
29447428
1263391922657337345
1229752606714728454
578601744
302984766
578601744
1308267623327518725
1496792408792903684
1261203450022359043
614600545
1472366361322024966
1060440219097423872
711608180535640064
308045021
1028022611324747776
192374137
77726331
711608180535640064
950215424981028864
302984766
828578052942741505
1353306974939738113
1060440219097423872
578601744
2800413166
826615125297680384
614600545
527445533
631283641
1308267623327518725
578601744
578601744
870244616003403781
853523328
1308267623327518725
1496792408792903684
832019161454817280
139109800
302984766
77726331
832019161454817280
77726331
870970040878862337
631283641
302984766
950215424981028864
578601744
41186732
838381908656603144
832019161454817280
2886667320
195578878
1060440219097423872
578601744
711608180535640064
1475643712596168706
39508140
302984766
4213849704
578601744
853523328
870244616003403781
997262774
950215424981028864
2886667320
139109800
4757894056
45379403
302984766
804582780298412032
177400353
2530758806
29447428
1921951394
1387010761994682371
711608180535640064
1471037967926018051
45379403
2574271742
17531651
1060440219097423872
1060440219097423872
1060440219097423872
1264114113925402624
1261203450022359043
1261203450022359043
177400353
177400353
1475643712596168706
2530758806
940778288871542786
1308267623327518725
2574271742
302984766
177400353
1263391922657337345
614600545
1028022611324747776
42091962
302984766
29447428
177400353
302984766
77726331
870244616003403781
1229752606714728454
77726331
1308267623327518725
1387010761994682371
244954523
950215424981028864
1028022611324747776
29188599
1264114113925402624
631283641
711608180535640064
711608180535640064
631283641
1060440219097423872
1373739644
1031000589054828544
614600545
1264114113925402624
870244616003403781
1261203450022359043
177400353
45379403
3040987923
195578878
1373739644
302984766
302984766
302984766
711608180535640064
631283641
302984766
302984766
838381908656603144
1387010761994682371
45379403
1497976259296563200
578601744
1373739644
1028022611324747776
39508140
614600545
1308267623327518725
936620120255934466
1417952253449842692
885212127866257410
1060440219097423872
18218403
139109800
614600545
4213849704
4213849704
4213849704
2574271742
39508140
45379403
832019161454817280
614600545
1496792408792903684
144904056
578601744
614600545
1031000589054828544
1387010761994682371
940778288871542786
45379403
139109800
2530758806
1060440219097423872
17531651
139109800
2886667320
41653384
1387010761994682371
4757894056
631283641
870244616003403781
711608180535640064
711608180535640064
832019161454817280
527445533
302984766
2530758806
177400353
870244616003403781
302984766
1263391922657337345
838381908656603144
838381908656603144
936620120255934466
302984766
244954523
45379403
935349971129311233
86010091
1494715792474230788
86010091
1060440219097423872
938494109844729856
826615125297680384
29447428
2530758806
195578878
17531651
77726331
3040987923
302984766
2530758806
302984766
45379403
1308267623327518725
41186732
4757894056
302984766
302984766
45379403
1471037967926018051
100256670
614600545
631283641
711608180535640064
4757894056
826615125297680384
1387010761994682371
2800413166
853523328
870970040878862337
139109800
870244616003403781
41186732
1028022611324747776
578601744
4213849704
45379403
1471037967926018051
614600545
1471037967926018051
177400353
177400353
177400353
1264114113925402624
1264114113925402624
177400353
177400353
1264114113925402624
177400353
177400353
1264114113925402624
45379403
192374137
45379403
2530758806
29447428
77726331
1028022611324747776
631283641
940778288871542786
192374137
302984766
45379403
950215424981028864
1229752606714728454
77726331
18218403
977710998
1155192156
2332033299
244954523
940778288871542786
29447428
804582780298412032
804582780298412032
41186732
2530758806
2332033299
2530758806
804582780298412032
614600545
936620120255934466
1921951394
4757894056
977710998
29447428
29447428
29447428
177400353
885212127866257410
1261203450022359043
631283641
1060440219097423872
1921951394
2530758806
4757894056
3453306553
631283641
29188599
578601744
45379403
3231054096
940778288871542786
578601744
77726331
1060440219097423872
614600545
853523328
2332033299
29447428
950215424981028864
4213849704
870970040878862337
1060440219097423872
1060440219097423872
1373739644
2530758806
1031000589054828544
578601744
2530758806
870970040878862337
1060440219097423872
1060440219097423872
870244616003403781
950215424981028864
832019161454817280
29447428
177400353
614600545
308045021
29447428
832019161454817280
39508140
1475643712596168706
41653384
302984766
711608180535640064
4000403652
302984766
45379403
45379403
870244616003403781
348764745
302984766
45379403
631283641
124385387
29447428
39508140
614600545
711608180535640064
981436419087523840
578601744
3453306553
936620120255934466
3222067490
870244616003403781
1028022611324747776
940778288871542786
139109800
870244616003403781
45379403
711608180535640064
870244616003403781
4757894056
1353306974939738113
29447428
631283641
614600545
1229752606714728454
1060440219097423872
614600545
936620120255934466
631283641
527445533
4757894056
631283641
1229752606714728454
45379403
838381908656603144
826615125297680384
302984766
977710998
940778288871542786
2574271742
2530758806
1263391922657337345
41186732
45379403
950215424981028864
17531651
77726331
4757894056
302984766
302984766
4757894056
614600545
244954523
45379403
45379403
631283641
832019161454817280
997262774
3453306553
967871677399994368
59028892
302984766
614600545
4757894056
118166719
302984766
3231054096
1060440219097423872
1496792408792903684
2530758806
1264114113925402624
614600545
118166719
1060440219097423872
832019161454817280
4757894056
302984766
2886667320
828578052942741505
1060440219097423872
950215424981028864
2332033299
4757894056
17531651
17531651
77726331
302984766
118166719
832019161454817280
118166719
4757894056
302984766
826615125297680384
1060440219097423872
1387010761994682371
1387010761994682371
302984766
302984766
118166719
4757894056
578601744
870244616003403781
1229752606714728454
1496792408792903684
244954523
1060440219097423872
2800413166
950215424981028864
2530758806
2530758806
1475643712596168706
2800413166
29447428
1028022611324747776
885212127866257410
2574271742
2574271742
29447428
1060440219097423872
936620120255934466
1060440219097423872
1921951394
4213849704
881623250
3453306553
2574271742
1155192156
1060440219097423872
177400353
45379403
45379403
45379403
1261203450022359043
177400353
177400353
1264114113925402624
1264114113925402624
177400353
1264114113925402624
177400353
1264114113925402624
45379403
18218403
2886667320
1264114113925402624
832019161454817280
1308267623327518725
1475643712596168706
828578052942741505
29188599
29188599
17531651
1060440219097423872
4213849704
2530758806
29447428
838381908656603144
2530758806
29188599
870244616003403781
1229752606714728454
832019161454817280
2574271742
2886667320
1373739644
1373739644
1373739644
1475643712596168706
1373739644
45379403
29447428
578601744
4213849704
950215424981028864
41186732
967871677399994368
41186732
1308267623327518725
870244616003403781
981436419087523840
870244616003403781
77726331
388618787
826615125297680384
2530758806
29447428
829874722510880768
997262774
1387010761994682371
302984766
1921951394
302984766
86010091
29447428
1497976259296563200
4757894056
77726331
244954523
870970040878862337
3222067490
853523328
45379403
938494109844729856
244954523
86010091
199452338
4757894056
29447428
29447428
77726331
17531651
77726331
870244616003403781
2332033299
940778288871542786
244954523
870244616003403781
348764745
1028022611324747776
45379403
29188599
1477609642184396806
870244616003403781
45379403
1387010761994682371
870244616003403781
86010091
614600545
3453306553
1031000589054828544
2574271742
578601744
45379403
1476778228236931073
950215424981028864
302984766
195578878
426361581
2530758806
1475643712596168706
139109800
177400353
1387010761994682371
826615125297680384
302984766
981436419087523840
3453306553
631283641
870970040878862337
870970040878862337
139109800
45379403
711608180535640064
4757894056
1060440219097423872
2530758806
631283641
77726331
3231054096
177400353
302984766
832019161454817280
302984766
870970040878862337
302984766
832019161454817280
1028022611324747776
177400353
1155192156
45379403
45379403
29447428
981436419087523840
2886667320
45379403
45379403
711608180535640064
4757894056
29188599
3231054096
950215424981028864
177400353
3453306553
997262774
41186732
4757894056
1477609642184396806
1387010761994682371
302984766
308045021
578601744
1308267623327518725
41653384
29447428
302984766
77726331
981436419087523840
302984766
302984766
832019161454817280
4757894056
870970040878862337
77726331
177400353
950215424981028864
139109800
2574271742
4757894056
45379403
977710998
631283641
1264114113925402624
29188599
302984766
1496792408792903684
45379403
1031000589054828544
1387010761994682371
614600545
1263391922657337345
614600545
4213849704
614600545
302984766
1028022611324747776
4842395709
711608180535640064
631283641
631283641
711608180535640064
527445533
711608180535640064
711608180535640064
631283641
631283641
527445533
838381908656603144
29447428
29447428
41186732
614600545
832019161454817280
578601744
1387010761994682371
195578878
1276065476041465863
1373739644
29447428
2530758806
578601744
870244616003403781
578601744
1353306974939738113
86010091
578601744
1308267623327518725
578601744
41186732
29447428
1028022611324747776
826615125297680384
302984766
45379403
4757894056
870244616003403781
177400353
2574271742
1308267623327518725
59028892
936620120255934466
950215424981028864
870244616003403781
86010091
4757894056
1921951394
870244616003403781
950215424981028864
1387010761994682371
977710998
41186732
86010091
527445533
177400353
4213849704
86010091
804582780298412032
2530758806
77726331
302984766
4213849704
832019161454817280
177400353
2574271742
48074704
1387010761994682371
3453306553
804582780298412032
29447428
804582780298412032
1308267623327518725
711608180535640064
77726331
997262774
578601744
1353306974939738113
853523328
29447428
18218403
2530758806
302984766
2530758806
2530758806
1471037967926018051
302984766
1475643712596168706
950215424981028864
42091962
940778288871542786
1060440219097423872
302984766
139109800
2332033299
1387010761994682371
302984766
1387010761994682371
1060440219097423872
302984766
41186732
870244616003403781
39508140
1387010761994682371
1387010761994682371
1387010761994682371
804582780298412032
832019161454817280
4757894056
118166719
302984766
302984766
118166719
832019161454817280
3231054096
1387010761994682371
302984766
1921951394
2574271742
1497976259296563200
302984766
177400353
832019161454817280
41186732
940778288871542786
614600545
45379403
935349971129311233
614600545
308045021
45379403
45379403
4757894056
2530758806
302984766
1060440219097423872
981436419087523840
426361581
870244616003403781
1308267623327518725
950215424981028864
870244616003403781
244954523
77726331
838381908656603144
41653384
578601744
631283641
29447428
1471037967926018051
4757894056
45379403
1229752606714728454
45379403
77726331
29447428
302984766
1028022611324747776
2800413166
527445533
997262774
29447428
832019161454817280
45379403
870244616003403781
2574271742
2574271742
1921951394
2530758806
2530758806
711608180535640064
578601744
3231054096
1308267623327518725
1308267623327518725
3453306553
48074704
578601744
1494715792474230788
41186732
118166719
1496792408792903684
3231054096
4213849704
42091962
348764745
832019161454817280
2574271742
177400353
1261203450022359043
