0.40806
0.56176
0.16683
0.78361
0.11571
0.46891
0.93801
0.35578
0.47164
0.54459
0.97163
0.25000
0.10156
0.83146
0.12084
0.94762
0.61592
0.05069
0.66972
0.43260
0.47232
0.95276
0.76821
0.87023
0.25333
0.06359
0.26619
0.58011
0.97196
0.81890
0.34812
0.03608
0.42324
0.44700
0.96970
0.27457
0.31164
0.62500
0.42718
0.86139
0.62044
0.31818
0.43915
0.49697
0.20551
0.97531
1.00000
0.67826
0.70370
0.42458
0.91358
0.33491
0.13550
0.86585
0.74444
0.62857
0.98485
0.92537
0.07949
0.79730
1.00000
0.69048
0.80282
0.43182
0.52336
0.37333
0.15743
0.16667
0.02019
0.70270
0.08279
0.96154
0.14205
0.08651
0.09515
0.45370
0.81667
1.00000
0.88679
0.33099
0.05103
0.92000
0.03783
0.88462
0.69231
0.21127
0.24581
0.05605
0.69841
0.26543
1.00000
0.65152
0.60563
0.21320
0.28767
0.15273
0.49383
0.86957
0.23669
0.97561
0.24390
0.68421
0.60000
0.81250
0.60000
0.95000
0.86364
0.30400
0.92683
0.30579
0.97368
0.38144
0.06239
0.81818
1.02941
0.21084
0.56452
0.29661
0.38462
0.41176
0.31250
0.70833
0.02240
0.39080
1.00000
0.73913
0.31776
1.00000
1.00000
0.20625
0.70213
0.84615
0.18391
1.00000
1.00000
0.36905
0.68889
0.65957
0.08540
0.43056
0.96875
0.93939
0.05107
0.44776
0.09036
0.14218
0.50847
0.09772
0.53571
0.69767
0.42029
0.09508
0.29167
0.93333
0.06897
0.32184
0.62222
0.84848
0.17610
0.54902
1.00000
0.54902
0.11570
0.87500
0.03398
1.00000
0.96552
0.79412
0.00790
0.93103
0.11203
0.81818
0.27000
0.34177
0.17308
0.96429
0.21951
0.90000
0.87097
0.02761
0.04259
1.00000
0.64286
0.89655
0.37681
0.07046
0.24752
0.08503
1.00000
1.00000
0.29762
0.96154
0.67568
0.40984
1.00000
0.54348
0.17391
0.30769
0.36364
0.95833
0.03402
1.00000
0.35938
0.95833
0.19658
0.60526
0.16547
0.47917
0.38333
0.74194
1.00000
0.34375
0.75862
0.61111
0.53659
0.41509
0.64706
0.95652
0.46809
0.66667
0.04922
0.03754
0.40385
0.30000
0.30435
0.67742
0.23596
0.87500
0.95455
2.85714
0.18868
0.55556
0.54054
1.00000
0.36364
0.15504
0.25000
0.74074
0.57143
0.09390
0.45455
0.52778
0.43182
0.57576
1.00000
0.19588
0.95000
0.67857
0.05278
0.35185
0.95000
0.86364
0.09948
0.45238
0.20652
1.00000
0.79167
1.00000
0.90476
0.05505
0.06250
0.40000
1.00000
0.06569
0.07860
1.00000
0.40000
0.21429
0.05751
0.09424
0.94737
0.30508
1.00000
0.28571
0.36735
0.17347
0.50000
0.85000
0.04474
0.44737
0.45946
0.26154
0.51515
0.40476
0.62963
0.89474
1.00000
0.57143
0.69565
1.00000
0.23529
0.18391
0.66667
0.94118
1.00000
0.61538
0.39024
0.11852
1.00000
0.53333
0.05797
0.35556
0.64000
0.88889
0.41026
0.69565
0.72727
0.53333
0.50000
0.09467
0.88889
0.02319
0.04124
0.50000
0.06015
1.00000
0.28070
0.94118
1.00000
0.59259
0.25000
0.53333
1.00000
1.00000
1.00000
0.18987
0.15625
1.15385
1.00000
0.78947
0.39474
0.46875
0.34091
0.16667
0.06696
0.05474
0.20270
1.00000
0.93750
0.01678
0.62500
0.28302
0.28846
1.00000
0.83333
0.65217
0.57692
0.48387
0.83333
0.33333
1.00000
1.00000
0.12613
0.15217
0.37838
0.02756
0.30435
0.20290
0.93333
1.00000
0.08589
1.00000
0.05785
0.70000
0.87500
0.01240
0.77778
1.00000
1.00000
0.46667
0.22951
0.93333
0.63636
0.70000
0.16867
0.18919
0.12389
0.63636
0.50000
0.01571
0.70000
0.87500
0.16049
0.13542
0.81250
0.03266
0.86667
0.03118
0.68421
0.33333
0.92857
0.54167
0.61905
0.81250
0.44828
1.00000
0.76471
0.86667
0.41935
0.50000
0.81250
0.81250
1.00000
0.17333
0.18841
0.86667
0.65000
0.06599
0.76471
0.08228
0.76471
0.17808
0.18571
0.50000
0.65000
0.44828
1.00000
1.00000
0.81250
0.92308
0.66667
0.28571
0.80000
0.10169
0.36364
0.85714
0.06316
0.75000
0.22222
0.80000
0.92308
0.36364
0.01648
1.00000
0.85714
0.60000
1.00000
1.00000
1.00000
0.46154
0.92308
0.23077
0.50000
1.00000
0.37500
0.20690
0.03371
0.12632
0.92308
0.21818
0.33333
1.00000
0.70588
0.92308
0.63158
1.00000
0.15385
0.80000
0.92308
0.66667
0.00196
1.00000
1.00000
0.40741
0.91667
0.08088
0.03207
1.00000
0.02213
1.00000
1.00000
1.00000
0.07971
0.11111
0.22000
1.00000
0.61111
1.00000
0.20370
0.22449
0.84615
0.22000
0.02072
0.04867
0.13580
1.00000
1.00000
1.00000
1.00000
0.15278
0.05851
0.68750
0.68750
0.13580
0.47826
0.73333
1.00000
0.08800
0.01225
0.00732
0.50000
0.05473
0.47826
0.28947
1.00000
0.31429
0.73333
0.73333
1.00000
0.55000
1.00000
0.84615
0.11957
0.35484
1.00000
1.00000
1.00000
0.90909
0.43478
0.31250
1.00000
0.50000
0.22727
1.00000
0.83333
1.00000
0.52632
0.08475
1.11111
1.00000
0.83333
0.43478
0.76923
0.90909
0.90909
0.71429
1.00000
0.76923
1.00000
0.83333
0.15385
0.83333
0.58824
0.08547
0.76923
0.32258
0.16393
0.31250
0.10526
0.00254
1.00000
0.90909
1.00000
0.03636
0.40000
0.76923
0.45455
0.76923
0.47619
0.35714
1.00000
0.83333
0.45455
0.09901
0.58824
0.62500
0.38462
0.90909
1.00000
0.90000
1.00000
0.21429
0.15254
0.39130
0.06977
0.26471
0.39130
1.00000
1.00000
1.00000
0.50000
1.00000
1.00000
0.26471
0.50000
0.90000
0.81818
0.52941
0.06429
0.75000
0.21951
0.21429
0.03158
0.75000
0.90000
0.13235
0.29032
0.81818
0.06000
1.00000
0.11250
0.06818
0.50000
1.00000
0.75000
0.31034
1.00000
0.81818
0.08738
0.23684
0.21951
0.25000
1.00000
0.26471
1.00000
0.81818
0.36000
0.69231
0.69231
1.00000
1.00000
0.03333
0.56250
1.00000
0.81818
0.07258
0.81818
0.06429
0.12162
0.23684
1.00000
0.12329
0.40909
0.90000
0.03673
0.52941
0.22500
0.10465
1.00000
0.52941
1.00000
0.90000
0.52941
0.80000
0.34783
1.00000
0.66667
0.88889
0.57143
1.00000
1.00000
1.00000
0.00464
0.72727
1.00000
0.05063
1.00000
0.00112
1.00000
0.11594
0.88889
0.07339
1.00000
0.88889
0.47059
0.04040
0.07619
0.66667
0.88889
0.66667
0.32000
1.00000
0.72727
0.15686
1.00000
1.00000
0.04324
1.00000
0.30769
1.00000
0.66667
0.40000
0.61538
0.14286
0.22222
0.01361
1.00000
0.47059
0.53333
1.00000
0.88889
0.32000
0.88889
0.80000
0.24242
0.88889
0.22857
0.11429
1.00000
0.03252
1.00000
0.00937
0.28571
0.32000
1.00000
0.61538
0.88889
1.00000
1.00000
0.00743
0.34783
0.08247
1.00000
1.00000
1.00000
0.61538
0.38095
1.14286
0.36364
0.13793
0.80000
0.07273
1.14286
0.05714
0.00714
0.23529
0.42105
0.07767
1.00000
0.02180
0.80000
0.80000
0.11429
0.38095
0.25806
0.06612
1.00000
0.04938
0.07843
0.47059
1.00000
0.50000
0.50000
1.00000
0.80000
0.29630
0.00468
0.66667
1.00000
0.14286
0.24242
0.00823
1.00000
0.72727
0.42105
1.00000
1.00000
0.58333
1.00000
1.00000
0.87500
0.70000
0.53846
1.00000
0.35000
0.53846
0.25926
0.10294
0.00842
1.00000
0.25926
0.02121
1.00000
0.87500
0.77778
0.87500
0.50000
0.46667
0.10938
0.87500
1.00000
0.87500
0.50000
0.11475
0.87500
1.16667
0.63636
0.24138
0.25000
0.87500
0.04430
0.43750
0.20000
0.77778
0.03182
0.00686
0.77778
0.77778
0.14000
1.00000
0.13725
0.00213
0.09091
1.00000
0.53846
0.43750
0.07609
0.36842
0.05469
0.87500
0.21875
0.36842
1.00000
0.09589
1.00000
0.04142
1.00000
1.00000
1.00000
0.03763
0.77778
0.01414
1.00000
1.00000
1.00000
0.16667
0.77778
0.58333
1.00000
1.16667
1.00000
0.07000
0.58333
0.01577
0.53846
0.15556
0.46667
0.87500
1.00000
0.25926
0.21875
0.70000
2.33333
1.00000
0.50000
0.43750
0.14894
0.53846
0.02273
1.00000
1.40000
0.87500
0.20000
1.00000
1.00000
0.50000
1.00000
0.70000
0.77778
0.08974
1.00000
0.46667
0.53846
0.15909
0.17073
0.50000
1.00000
0.87500
1.00000
0.16667
0.01667
0.53846
1.00000
0.30435
0.50000
0.63636
0.29167
0.70000
0.87500
0.01032
0.02672
1.00000
1.00000
1.00000
1.00000
3.50000
2.33333
1.00000
0.75000
1.00000
0.12766
0.85714
0.75000
0.46154
1.00000
0.07792
1.00000
1.00000
0.40000
1.00000
1.00000
0.37500
0.02299
0.75000
0.05172
1.00000
0.18750
0.09836
0.40000
0.11538
1.00000
0.85714
1.00000
0.66667
0.01107
1.00000
1.00000
0.85714
0.66667
0.01422
1.00000
0.75000
0.85714
0.09524
0.20000
0.85714
1.00000
1.00000
0.09524
0.19355
1.00000
0.25000
0.54545
0.10714
0.03141
3.00000
1.00000
0.04167
0.01361
0.16216
1.00000
0.30000
1.00000
0.03488
1.00000
1.00000
0.66667
1.00000
0.54545
0.66667
0.75000
0.40000
0.37500
0.66667
1.00000
0.46154
0.75000
1.00000
0.08108
1.00000
1.00000
0.60000
1.00000
0.50000
0.66667
1.00000
0.23077
1.00000
1.00000
0.85714
1.00000
0.02597
0.27273
0.12500
1.00000
0.03315
0.66667
0.14634
0.85714
1.00000
1.00000
0.85714
0.20690
1.00000
0.66667
1.00000
1.00000
0.42857
1.00000
1.00000
0.16216
0.05172
0.60000
0.60000
1.00000
1.00000
0.01567
0.10909
0.06316
1.00000
0.60000
0.66667
0.46154
0.18182
0.54545
0.85714
0.09836
0.66667
1.00000
0.66667
0.40000
1.00000
0.06061
0.85714
0.12245
0.22222
0.28571
0.01575
0.00719
0.31579
0.27273
0.02362
1.00000
0.15789
0.18750
0.85714
0.03488
1.00000
1.00000
0.05405
0.46154
0.66667
1.00000
1.00000
0.37500
0.03571
1.00000
0.24000
0.13953
0.60000
0.50000
0.02143
1.00000
1.00000
1.00000
1.00000
1.00000
1.00000
0.71429
1.00000
1.00000
1.00000
1.00000
1.00000
1.00000
0.41667
0.83333
0.83333
0.06579
0.19231
0.38462
0.83333
0.62500
0.71429
0.33333
0.01404
0.62500
0.71429
0.01684
0.02415
1.00000
1.00000
0.83333
1.00000
0.71429
0.31250
0.22727
0.25000
1.00000
0.20833
1.00000
1.00000
0.05263
0.22727
5.00000
1.00000
1.00000
0.50000
1.00000
0.83333
0.83333
1.00000
0.33333
0.62500
0.04808
1.00000
1.00000
0.13889
1.00000
0.20833
0.21739
0.83333
1.00000
1.00000
0.71429
0.71429
1.00000
0.33333
1.00000
0.83333
1.00000
0.05051
0.05882
0.11628
0.01923
1.00000
0.10870
0.55556
0.71429
0.83333
0.83333
0.35714
0.05618
1.00000
0.50000
1.00000
1.00000
1.00000
0.35714
0.55556
0.01241
0.29412
0.01689
0.45455
0.55556
0.62500
0.38462
1.00000
0.16667
1.00000
1.00000
0.08333
1.00000
0.83333
2.50000
1.00000
0.29412
1.00000
1.00000
0.23810
1.00000
0.12195
0.45455
0.09434
0.71429
0.55556
0.05952
1.00000
1.00000
0.00923
0.41667
1.00000
0.27778
0.25000
0.83333
0.03968
0.09259
1.00000
0.83333
1.00000
0.29412
0.55556
0.22727
0.14706
0.31250
0.83333
1.00000
1.00000
1.00000
1.00000
0.62500
0.50000
0.62500
0.83333
0.38462
1.00000
0.55556
0.83333
0.18519
1.00000
0.11364
0.03401
0.71429
1.00000
0.03597
1.00000
0.55556
0.45455
1.00000
0.83333
1.00000
0.83333
0.29412
0.62500
0.38462
0.50000
1.00000
0.71429
0.55556
0.00973
0.25000
1.00000
0.35714
0.00971
0.23810
0.04237
0.02857
0.31250
0.03333
0.50000
0.31250
1.00000
0.25000
1.00000
0.02976
0.71429
1.00000
1.00000
1.00000
0.62500
1.00000
1.00000
0.71429
0.55556
0.04630
1.00000
0.31250
0.45455
1.00000
0.02242
0.83333
1.00000
0.02155
0.12195
0.00278
0.04348
0.04202
1.00000
0.18519
1.00000
0.50000
0.83333
0.11905
0.83333
1.00000
0.62500
0.04274
0.55556
0.71429
1.00000
0.03106
0.15625
1.00000
1.00000
0.83333
0.03448
0.09804
1.00000
1.00000
1.00000
1.00000
1.00000
0.07812
0.03356
0.62500
1.00000
1.00000
0.55556
1.00000
1.00000
1.00000
1.00000
0.80000
1.00000
1.00000
1.00000
1.00000
1.00000
1.00000
1.00000
0.50000
0.03390
1.00000
0.57143
0.50000
0.66667
1.00000
0.25000
0.00644
1.00000
1.00000
0.66667
0.80000
1.00000
0.80000
1.00000
0.40000
1.00000
0.28571
0.80000
0.80000
1.33333
0.20000
1.00000
0.66667
0.05000
1.00000
0.01538
0.05882
0.33333
0.80000
1.00000
1.00000
0.80000
0.50000
0.21053
0.80000
1.00000
0.40000
1.00000
0.40000
0.66667
1.00000
0.03604
1.00000
1.00000
1.00000
0.01515
0.40000
0.01747
0.80000
0.66667
0.21053
1.00000
0.00505
0.80000
0.66667
1.00000
0.80000
0.02041
0.80000
0.57143
0.44444
0.20000
1.00000
0.16667
0.33333
0.80000
1.00000
0.00937
0.44444
1.33333
1.00000
0.80000
0.50000
0.50000
1.00000
0.50000
1.00000
0.07018
0.07018
0.10000
0.44444
0.44444
0.50000
1.00000
0.80000
1.00000
0.02941
0.21053
0.00006
0.80000
0.57143
0.08696
1.00000
0.80000
0.80000
1.00000
0.02041
1.00000
1.00000
1.00000
0.06667
1.00000
1.00000
1.00000
1.00000
0.50000
0.66667
1.00000
0.00359
1.00000
0.44444
0.13333
0.25000
0.02339
0.66667
1.00000
0.50000
0.66667
0.03960
1.00000
0.57143
1.00000
0.13333
1.00000
1.00000
0.30769
0.80000
0.44444
0.57143
0.04000
1.00000
1.00000
1.00000
1.00000
1.00000
0.57143
1.00000
0.40000
0.30769
0.66667
0.01481
0.80000
0.08511
1.00000
0.13793
0.80000
0.10526
1.00000
0.40000
1.00000
0.21053
1.00000
0.80000
0.02198
0.18182
1.00000
1.00000
1.00000
0.10256
0.00818
1.00000
0.28571
0.80000
1.00000
0.23529
1.00000
1.00000
1.00000
0.80000
0.36364
1.00000
1.00000
1.00000
0.57143
0.57143
1.00000
0.50000
1.00000
0.36364
1.00000
0.02597
1.00000
1.00000
2.00000
1.00000
1.00000
1.00000
1.00000
1.00000
1.00000
1.00000
0.80000
0.21053
1.00000
0.36364
0.13793
0.80000
0.04000
0.18182
0.36364
1.00000
0.44444
0.57143
1.00000
1.00000
0.03419
1.00000
0.04082
0.13793
0.80000
0.44444
0.11111
0.00881
0.01338
0.50000
0.23529
0.80000
0.01521
0.16000
1.00000
0.15385
1.00000
1.00000
0.08889
0.80000
1.00000
1.00000
0.08511
0.21053
1.00000
1.00000
0.50000
1.00000
0.00893
1.00000
0.80000
1.00000
0.50000
0.80000
1.00000
0.19048
0.28571
0.36364
1.00000
0.11765
1.00000
0.40000
0.00840
0.80000
0.40000
0.50000
1.00000
0.19048
0.02667
0.44444
0.80000
0.02353
1.00000
0.50000
0.26667
1.00000
0.26667
0.66667
1.00000
1.00000
0.16000
0.57143
0.50000
0.30769
0.03883
1.00000
0.44444
1.00000
1.00000
0.01084
0.04124
1.00000
0.80000
1.00000
0.01444
0.66667
0.44444
0.06452
0.40000
1.00000
1.00000
0.10526
0.26667
0.12121
0.26667
0.25000
1.00000
0.44444
0.57143
1.00000
0.57143
0.66667
1.00000
0.28571
0.00555
0.66667
0.05195
1.00000
0.80000
0.66667
0.66667
1.00000
0.28571
0.33333
0.08889
1.00000
0.16000
0.03252
0.03306
1.00000
1.00000
1.00000
0.03030
0.01408
0.28571
0.80000
0.50000
0.21053
0.30769
0.26667
1.00000
0.33333
1.00000
1.00000
0.66667
0.50000
0.28571
1.00000
1.00000
1.00000
0.17391
0.50000
0.22222
0.22222
0.05063
1.00000
1.00000
1.00000
1.00000
1.00000
0.66667
0.66667
0.36364
0.01418
0.80000
0.57143
0.66667
0.26667
0.57143
0.01639
0.80000
0.06154
0.14286
0.80000
0.10811
0.28571
1.00000
1.00000
0.03333
1.00000
0.01887
0.36364
1.00000
0.05333
1.00000
0.36364
1.00000
0.66667
