6151
1951
6168
1220
3431
772
371
891
670
527
282
960
2245
267
1804
210
289
3334
218
319
271
127
151
131
450
1777
417
181
107
127
293
2827
241
217
99
346
292
144
206
101
137
264
189
165
399
81
78
115
108
179
81
212
524
82
90
105
66
67
780
74
59
84
71
132
107
150
343
318
2575
74
616
52
352
578
515
108
60
48
53
142
921
50
1216
52
65
213
179
785
63
162
43
66
71
197
146
275
81
46
169
41
164
57
65
48
65
40
44
125
41
121
38
97
577
44
34
166
62
118
91
85
112
48
1518
87
34
46
107
33
33
160
47
39
174
32
31
84
45
47
363
72
32
33
607
67
332
211
59
307
56
43
69
305
96
30
406
87
45
33
159
51
28
51
242
32
824
28
29
34
3416
29
241
33
100
79
156
28
123
30
31
978
634
27
42
29
69
369
101
294
25
25
84
26
37
61
25
46
138
78
66
24
676
23
64
24
117
38
139
48
60
31
22
64
29
36
41
53
34
23
47
33
447
586
52
70
69
31
89
24
22
7
106
36
37
20
55
129
80
27
35
213
44
36
44
33
19
97
20
28
360
54
20
22
191
42
92
19
24
19
21
327
288
45
18
274
229
18
45
84
313
191
19
59
18
63
49
98
34
20
380
38
37
65
33
42
27
19
16
28
23
16
68
87
24
17
16
26
41
135
16
30
276
45
25
18
39
23
22
30
32
169
18
690
388
32
266
16
57
17
16
27
64
30
16
15
15
79
96
13
15
19
38
32
44
90
224
274
74
15
16
894
24
53
52
15
18
23
26
31
18
45
14
14
111
92
37
508
46
69
15
14
163
14
242
20
16
1129
18
14
14
30
61
15
22
20
83
74
113
22
28
891
20
16
81
96
16
398
15
417
19
39
14
24
21
16
29
13
17
15
31
26
16
16
13
75
69
15
20
197
17
158
17
73
70
26
20
29
13
13
16
13
18
42
15
118
33
14
190
16
54
15
13
33
728
12
14
20
12
12
12
26
13
52
24
12
32
58
356
95
13
55
36
12
17
13
19
12
78
15
13
18
6137
11
11
27
12
136
343
11
497
11
11
11
138
99
50
11
18
11
54
49
13
50
531
226
81
11
11
11
11
72
188
16
16
81
23
15
11
125
898
1503
22
201
23
38
11
35
15
15
11
20
11
13
92
31
10
10
10
11
23
32
10
20
44
10
12
10
19
118
9
10
12
23
13
11
11
14
10
13
10
12
65
12
17
117
13
31
61
32
95
3942
10
11
10
275
25
13
22
13
21
28
10
12
22
101
17
16
26
11
10
10
9
42
59
23
129
34
23
9
9
9
18
9
9
34
18
10
11
17
140
12
41
42
285
12
10
68
31
11
150
9
80
132
18
9
12
29
9
11
103
38
41
36
9
34
9
11
25
13
13
9
9
270
16
9
11
124
11
140
74
38
9
73
22
10
245
17
40
86
9
17
9
10
17
10
23
8
12
9
14
8
8
8
1725
11
8
158
8
7172
8
69
9
109
8
9
17
198
105
12
9
12
25
8
11
51
8
8
185
8
26
8
12
20
13
56
36
588
8
17
15
8
9
25
9
10
33
9
35
70
8
246
8
854
28
25
8
13
9
8
8
1077
23
97
8
8
8
13
21
7
22
58
10
110
7
140
1120
34
19
103
8
367
10
10
70
21
31
121
8
162
102
17
8
16
16
8
10
27
1711
12
8
56
33
972
8
11
19
7
7
12
7
7
8
10
13
7
20
13
27
68
831
7
27
330
7
8
9
8
14
15
64
8
7
8
14
61
8
6
11
29
28
8
158
16
35
9
220
1021
9
9
50
7
51
3293
77
7
13
16
92
19
128
8
32
19
7
73
7
169
7
7
7
186
9
495
7
7
7
42
9
12
7
6
7
100
12
444
13
45
15
8
7
27
32
10
3
7
14
16
47
13
308
7
5
8
35
7
7
14
7
10
9
78
7
15
13
44
41
14
7
8
7
42
420
13
7
23
14
11
24
10
8
678
262
7
7
7
7
2
3
6
8
6
47
7
8
13
6
77
6
6
15
6
6
16
261
8
116
6
32
61
15
52
6
7
6
9
542
6
6
7
9
422
6
8
7
63
30
7
6
6
63
31
6
24
11
56
191
2
6
144
441
37
6
20
6
172
6
6
9
6
11
9
8
15
16
9
6
13
8
6
74
6
6
10
6
12
9
6
26
6
6
7
6
231
22
48
6
181
9
41
7
6
6
7
29
6
9
6
6
14
6
6
37
116
10
10
6
6
383
55
95
6
10
9
13
33
11
7
61
9
6
9
15
6
99
7
49
27
21
381
835
19
22
254
6
38
32
7
172
6
6
111
13
9
6
6
16
168
6
25
43
10
12
280
6
6
6
5
5
5
7
5
5
5
5
5
5
12
6
6
76
26
13
6
8
7
15
356
8
7
297
207
5
5
6
5
7
16
22
20
5
24
5
5
95
22
1
5
5
10
5
6
6
5
15
8
104
5
5
36
5
24
23
6
5
5
7
7
5
15
5
6
5
99
85
43
260
5
46
9
7
6
6
14
89
5
10
5
5
5
14
9
403
17
296
11
9
8
13
5
30
5
5
60
5
6
2
5
17
5
5
21
5
41
11
53
7
9
84
5
5
542
12
5
18
20
6
126
54
5
6
5
17
9
22
34
16
6
5
5
5
5
8
10
8
6
13
5
9
6
27
5
44
147
7
5
139
5
9
11
5
6
5
6
17
8
13
10
5
7
9
514
20
5
14
515
21
118
175
16
150
10
16
5
20
5
168
7
5
5
5
8
5
5
7
9
108
5
16
11
5
223
6
5
232
41
1800
115
119
5
27
5
10
6
42
6
5
8
117
9
7
5
161
32
5
5
6
145
51
5
5
5
5
5
64
149
8
5
5
9
4
4
4
4
5
4
4
4
4
4
4
4
8
118
4
7
8
6
4
16
621
4
4
6
5
4
5
4
10
4
14
5
5
3
20
4
6
80
4
260
68
12
5
4
4
5
8
19
5
4
10
4
10
6
4
111
4
4
4
264
10
229
5
6
19
4
792
5
6
4
5
196
5
7
9
20
4
24
12
5
4
427
9
3
4
5
8
8
4
8
4
57
57
40
9
9
8
4
5
4
136
19
62578
5
7
46
4
5
5
4
196
4
4
4
60
4
4
4
4
8
6
4
1114
4
9
30
16
171
6
4
8
6
101
4
7
4
30
4
4
13
5
9
7
100
4
4
4
4
4
7
4
10
13
6
270
5
47
4
29
5
38
4
10
4
19
4
5
182
22
4
4
4
39
489
4
14
5
4
17
4
4
4
5
11
4
4
4
7
7
4
8
4
11
4
154
4
4
2
4
4
4
4
4
4
4
5
19
4
11
29
5
100
22
11
4
9
7
4
4
117
4
98
29
5
9
36
454
299
8
17
5
263
25
4
26
4
4
45
5
4
4
47
19
4
4
8
4
448
4
5
4
8
5
4
21
14
11
4
34
4
10
476
5
10
8
4
21
150
9
5
170
4
8
15
4
15
6
4
4
25
7
8
13
103
4
9
4
4
369
97
4
5
4
277
6
9
62
10
4
4
38
15
33
15
16
4
9
7
4
7
6
4
14
721
6
77
4
5
6
6
4
14
12
45
4
25
123
121
4
4
4
132
284
14
5
8
19
13
15
4
12
4
4
6
8
14
4
4
4
23
8
18
18
79
4
4
4
4
4
6
6
11
282
5
7
6
15
7
244
5
65
28
5
37
14
4
4
120
4
212
11
4
75
4
11
4
6
