0.67652
0.93134
0.27659
1.29914
0.19184
0.77740
1.55512
0.58985
0.78193
0.90287
1.61086
0.41447
0.16838
1.37847
0.20034
1.57106
1.02113
0.08404
1.11033
0.71721
0.78306
1.57958
1.27361
1.44275
0.41999
0.10543
0.44132
0.96176
1.61141
1.35765
0.57715
0.05982
0.70169
0.74108
1.60766
0.45521
0.51667
1.03618
0.70822
1.42809
1.02862
0.52751
0.72806
0.82392
0.34071
1.61696
1.65790
1.12448
1.16666
0.70391
1.51462
0.55525
0.22464
1.43549
1.23420
1.04210
1.63278
1.53417
0.13179
1.32184
1.65790
1.14474
1.33099
0.71591
0.86768
0.61894
0.26100
0.27632
0.03347
1.16500
0.13726
1.59413
0.23550
0.14342
0.15775
0.75219
1.35395
1.65790
1.47021
0.54875
0.08460
1.52526
0.06272
1.46661
1.14778
0.35026
0.40753
0.09293
1.15789
0.44006
1.65790
1.08015
1.00407
0.35346
0.47693
0.25321
0.81872
1.44166
0.39241
1.61746
0.40436
1.13435
0.99474
1.34704
0.99474
1.57500
1.43182
0.50400
1.53659
0.50697
1.61426
0.63239
0.10344
1.35646
1.70665
0.34955
0.93592
0.49175
0.63766
0.68266
0.51809
1.17434
0.03714
0.64791
1.65790
1.22540
0.52681
1.65790
1.65790
0.34194
1.16406
1.40283
0.30490
1.65790
1.65790
0.61185
1.14211
1.09350
0.14158
0.71382
1.60609
1.55741
0.08467
0.74234
0.14981
0.23572
0.84299
0.16201
0.88815
1.15666
0.69680
0.15763
0.48356
1.54736
0.11435
0.53358
1.03158
1.40669
0.29196
0.91022
1.65790
0.91022
0.19182
1.45066
0.05634
1.65790
1.60073
1.31657
0.01310
1.54355
0.18573
1.35646
0.44763
0.56662
0.28695
1.59869
0.36392
1.49211
1.44398
0.04577
0.07061
1.65790
1.06579
1.48639
0.62471
0.11682
0.41036
0.14097
1.65790
1.65790
0.49342
1.59413
1.12021
0.67947
1.65790
0.90103
0.28832
0.51012
0.60288
1.58881
0.05640
1.65790
0.59581
1.58881
0.32591
1.00346
0.27433
0.79441
0.63552
1.23006
1.65790
0.56990
1.25771
1.01316
0.88961
0.68818
1.07276
1.58581
0.77604
1.10527
0.08160
0.06224
0.66954
0.49737
0.50458
1.12309
0.39120
1.45066
1.58254
4.73684
0.31281
0.92106
0.89616
1.65790
0.60288
0.25704
0.41447
1.22807
0.94737
0.15568
0.75360
0.87500
0.71591
0.95455
1.65790
0.32475
1.57500
1.12500
0.08750
0.58333
1.57500
1.43182
0.16493
0.75000
0.34239
1.65790
1.31251
1.65790
1.50000
0.09127
0.10362
0.66316
1.65790
0.10891
0.13031
1.65790
0.66316
0.35527
0.09535
0.15624
1.57064
0.50579
1.65790
0.47368
0.60903
0.28760
0.82895
1.40921
0.07417
0.74169
0.76174
0.43361
0.85406
0.67105
1.04386
1.48339
1.65790
0.94737
1.15332
1.65790
0.39009
0.30490
1.10527
1.56038
1.65790
1.02024
0.64698
0.19649
1.65790
0.88421
0.09611
0.58948
1.06105
1.47369
0.68017
1.15332
1.20574
0.88421
0.82895
0.15695
1.47369
0.03845
0.06837
0.82895
0.09972
1.65790
0.46537
1.56038
1.65790
0.98245
0.41447
0.88421
1.65790
1.65790
1.65790
0.31478
0.25905
1.91296
1.65790
1.30886
0.65444
0.77714
0.56519
0.27632
0.11101
0.09075
0.33606
1.65790
1.55428
0.02782
1.03618
0.46922
0.47824
1.65790
1.38157
1.08123
0.95647
0.80221
1.38157
0.55263
1.65790
1.65790
0.20911
0.25228
0.62731
0.04569
0.50458
0.33639
1.54736
1.65790
0.14240
1.65790
0.09591
1.16053
1.45066
0.02056
1.28948
1.65790
1.65790
0.77369
0.38050
1.54736
1.05502
1.16053
0.27964
0.31366
0.20540
1.05502
0.82895
0.02605
1.16053
1.45066
0.26608
0.22451
1.34704
0.05415
1.43685
0.05169
1.13435
0.55263
1.53947
0.89803
1.02632
1.34704
0.74320
1.65790
1.26781
1.43685
0.69524
0.82895
1.34704
1.34704
1.65790
0.28736
0.31236
1.43685
1.07763
0.10940
1.26781
0.13641
1.26781
0.29524
0.30789
0.82895
1.07763
0.74320
1.65790
1.65790
1.34704
1.53037
1.10527
0.47368
1.32632
0.16859
0.60288
1.42105
0.10471
1.24342
0.36842
1.32632
1.53037
0.60288
0.02732
1.65790
1.42105
0.99474
1.65790
1.65790
1.65790
0.76519
1.53037
0.38259
0.82895
1.65790
0.62171
0.34302
0.05589
0.20943
1.53037
0.36172
0.55263
1.65790
1.17028
1.53037
1.04709
1.65790
0.25507
1.32632
1.53037
1.10527
0.00325
1.65790
1.65790
0.67544
1.51974
0.13409
0.05317
1.65790
0.03669
1.65790
1.65790
1.65790
0.13215
0.18421
0.36474
1.65790
1.01316
1.65790
0.33771
0.37218
1.40283
0.36474
0.03435
0.08069
0.22514
1.65790
1.65790
1.65790
1.65790
0.25329
0.09700
1.13980
1.13980
0.22514
0.79291
1.21578
1.65790
0.14589
0.02031
0.01214
0.82895
0.09074
0.79291
0.47991
1.65790
0.52106
1.21578
1.21578
1.65790
0.91184
1.65790
1.40283
0.19823
0.58829
1.65790
1.65790
1.65790
1.50718
0.72082
0.51809
1.65790
0.82895
0.37679
1.65790
1.38157
1.65790
0.87258
0.14051
1.84210
1.65790
1.38157
0.72082
1.27530
1.50718
1.50718
1.18422
1.65790
1.27530
1.65790
1.38157
0.25507
1.38157
0.97524
0.14170
1.27530
0.53480
0.27178
0.51809
0.17451
0.00421
1.65790
1.50718
1.65790
0.06028
0.66316
1.27530
0.75360
1.27530
0.78947
0.59210
1.65790
1.38157
0.75360
0.16415
0.97524
1.03618
0.63766
1.50718
1.65790
1.49211
1.65790
0.35527
0.25290
0.64873
0.11567
0.43886
0.64873
1.65790
1.65790
1.65790
0.82895
1.65790
1.65790
0.43886
0.82895
1.49211
1.35646
0.87771
0.10659
1.24342
0.36392
0.35527
0.05236
1.24342
1.49211
0.21942
0.48132
1.35646
0.09947
1.65790
0.18651
0.11304
0.82895
1.65790
1.24342
0.51451
1.65790
1.35646
0.14487
0.39266
0.36392
0.41447
1.65790
0.43886
1.65790
1.35646
0.59684
1.14778
1.14778
1.65790
1.65790
0.05526
0.93257
1.65790
1.35646
0.12033
1.35646
0.10659
0.20163
0.39266
1.65790
0.20440
0.67823
1.49211
0.06089
0.87771
0.37303
0.17350
1.65790
0.87771
1.65790
1.49211
0.87771
1.32632
0.57667
1.65790
1.10527
1.47369
0.94737
1.65790
1.65790
1.65790
0.00769
1.20574
1.65790
0.08394
1.65790
0.00186
1.65790
0.19222
1.47369
0.12167
1.65790
1.47369
0.78019
0.06698
0.12632
1.10527
1.47369
1.10527
0.53053
1.65790
1.20574
0.26006
1.65790
1.65790
0.07169
1.65790
0.51012
1.65790
1.10527
0.66316
1.02024
0.23685
0.36842
0.02256
1.65790
0.78019
0.88421
1.65790
1.47369
0.53053
1.47369
1.32632
0.40191
1.47369
0.37895
0.18948
1.65790
0.05391
1.65790
0.01553
0.47368
0.53053
1.65790
1.02024
1.47369
1.65790
1.65790
0.01232
0.57667
0.13673
1.65790
1.65790
1.65790
1.02024
0.63158
1.89474
0.60288
0.22867
1.32632
0.12058
1.89474
0.09473
0.01184
0.39009
0.69806
0.12877
1.65790
0.03614
1.32632
1.32632
0.18948
0.63158
0.42784
0.10962
1.65790
0.08187
0.13003
0.78019
1.65790
0.82895
0.82895
1.65790
1.32632
0.49123
0.00776
1.10527
1.65790
0.23685
0.40191
0.01364
1.65790
1.20574
0.69806
1.65790
1.65790
0.96710
1.65790
1.65790
1.45066
1.16053
0.89271
1.65790
0.58026
0.89271
0.42983
0.17066
0.01396
1.65790
0.42983
0.03516
1.65790
1.45066
1.28948
1.45066
0.82895
0.77369
0.18134
1.45066
1.65790
1.45066
0.82895
0.19024
1.45066
1.93422
1.05502
0.40018
0.41447
1.45066
0.07344
0.72533
0.33158
1.28948
0.05275
0.01137
1.28948
1.28948
0.23211
1.65790
0.22755
0.00353
0.15072
1.65790
0.89271
0.72533
0.12615
0.61080
0.09067
1.45066
0.36266
0.61080
1.65790
0.15898
1.65790
0.06867
1.65790
1.65790
1.65790
0.06239
1.28948
0.02344
1.65790
1.65790
1.65790
0.27632
1.28948
0.96710
1.65790
1.93422
1.65790
0.11605
0.96710
0.02615
0.89271
0.25790
0.77369
1.45066
1.65790
0.42983
0.36266
1.16053
3.86842
1.65790
0.82895
0.72533
0.24693
0.89271
0.03768
1.65790
2.32105
1.45066
0.33158
1.65790
1.65790
0.82895
1.65790
1.16053
1.28948
0.14878
1.65790
0.77369
0.89271
0.26375
0.28305
0.82895
1.65790
1.45066
1.65790
0.27632
0.02764
0.89271
1.65790
0.50458
0.82895
1.05502
0.48356
1.16053
1.45066
0.01711
0.04430
1.65790
1.65790
1.65790
1.65790
5.80263
3.86842
1.65790
1.24342
1.65790
0.21165
1.42105
1.24342
0.76519
1.65790
0.12918
1.65790
1.65790
0.66316
1.65790
1.65790
0.62171
0.03812
1.24342
0.08575
1.65790
0.31086
0.16307
0.66316
0.19129
1.65790
1.42105
1.65790
1.10527
0.01835
1.65790
1.65790
1.42105
1.10527
0.02358
1.65790
1.24342
1.42105
0.15790
0.33158
1.42105
1.65790
1.65790
0.15790
0.32089
1.65790
0.41447
0.90430
0.17763
0.05207
4.97369
1.65790
0.06908
0.02256
0.26884
1.65790
0.49737
1.65790
0.05783
1.65790
1.65790
1.10527
1.65790
0.90430
1.10527
1.24342
0.66316
0.62171
1.10527
1.65790
0.76519
1.24342
1.65790
0.13442
1.65790
1.65790
0.99474
1.65790
0.82895
1.10527
1.65790
0.38259
1.65790
1.65790
1.42105
1.65790
0.04306
0.45216
0.20724
1.65790
0.05496
1.10527
0.24262
1.42105
1.65790
1.65790
1.42105
0.34302
1.65790
1.10527
1.65790
1.65790
0.71052
1.65790
1.65790
0.26884
0.08575
0.99474
0.99474
1.65790
1.65790
0.02598
0.18086
0.10471
1.65790
0.99474
1.10527
0.76519
0.30144
0.90430
1.42105
0.16307
1.10527
1.65790
1.10527
0.66316
1.65790
0.10049
1.42105
0.20301
0.36842
0.47368
0.02611
0.01192
0.52355
0.45216
0.03916
1.65790
0.26177
0.31086
1.42105
0.05783
1.65790
1.65790
0.08961
0.76519
1.10527
1.65790
1.65790
0.62171
0.05920
1.65790
0.39789
0.23133
0.99474
0.82895
0.03553
1.65790
1.65790
1.65790
1.65790
1.65790
1.65790
1.18422
1.65790
1.65790
1.65790
1.65790
1.65790
1.65790
0.69080
1.38157
1.38157
0.10907
0.31883
0.63766
1.38157
1.03618
1.18422
0.55263
0.02328
1.03618
1.18422
0.02792
0.04004
1.65790
1.65790
1.38157
1.65790
1.18422
0.51809
0.37679
0.41447
1.65790
0.34539
1.65790
1.65790
0.08726
0.37679
8.28948
1.65790
1.65790
0.82895
1.65790
1.38157
1.38157
1.65790
0.55263
1.03618
0.07971
1.65790
1.65790
0.23027
1.65790
0.34539
0.36041
1.38157
1.65790
1.65790
1.18422
1.18422
1.65790
0.55263
1.65790
1.38157
1.65790
0.08374
0.09752
0.19278
0.03188
1.65790
0.18021
0.92106
1.18422
1.38157
1.38157
0.59210
0.09314
1.65790
0.82895
1.65790
1.65790
1.65790
0.59210
0.92106
0.02057
0.48762
0.02800
0.75360
0.92106
1.03618
0.63766
1.65790
0.27632
1.65790
1.65790
0.13815
1.65790
1.38157
4.14474
1.65790
0.48762
1.65790
1.65790
0.39474
1.65790
0.20218
0.75360
0.15641
1.18422
0.92106
0.09868
1.65790
1.65790
0.01530
0.69080
1.65790
0.46053
0.41447
1.38157
0.06579
0.15350
1.65790
1.38157
1.65790
0.48762
0.92106
0.37679
0.24381
0.51809
1.38157
1.65790
1.65790
1.65790
1.65790
1.03618
0.82895
1.03618
1.38157
0.63766
1.65790
0.92106
1.38157
0.30703
1.65790
0.18840
0.05639
1.18422
1.65790
0.05963
1.65790
0.92106
0.75360
1.65790
1.38157
1.65790
1.38157
0.48762
1.03618
0.63766
0.82895
1.65790
1.18422
0.92106
0.01613
0.41447
1.65790
0.59210
0.01610
0.39474
0.07025
0.04737
0.51809
0.05526
0.82895
0.51809
1.65790
0.41447
1.65790
0.04934
1.18422
1.65790
1.65790
1.65790
1.03618
1.65790
1.65790
1.18422
0.92106
0.07676
1.65790
0.51809
0.75360
1.65790
0.03717
1.38157
1.65790
0.03573
0.20218
0.00461
0.07209
0.06966
1.65790
0.30703
1.65790
0.82895
1.38157
0.19737
1.38157
1.65790
1.03618
0.07086
0.92106
1.18422
1.65790
0.05149
0.25905
1.65790
1.65790
1.38157
0.05716
0.16254
1.65790
1.65790
1.65790
1.65790
1.65790
0.12951
0.05564
1.03618
1.65790
1.65790
0.92106
1.65790
1.65790
1.65790
1.65790
1.32632
1.65790
1.65790
1.65790
1.65790
1.65790
1.65790
1.65790
0.82895
0.05620
1.65790
0.94737
0.82895
1.10527
1.65790
0.41447
0.01068
1.65790
1.65790
1.10527
1.32632
1.65790
1.32632
1.65790
0.66316
1.65790
0.47368
1.32632
1.32632
2.21052
0.33158
1.65790
1.10527
0.08289
1.65790
0.02550
0.09752
0.55263
1.32632
1.65790
1.65790
1.32632
0.82895
0.34904
1.32632
1.65790
0.66316
1.65790
0.66316
1.10527
1.65790
0.05975
1.65790
1.65790
1.65790
0.02512
0.66316
0.02896
1.32632
1.10527
0.34904
1.65790
0.00837
1.32632
1.10527
1.65790
1.32632
0.03384
1.32632
0.94737
0.73684
0.33158
1.65790
0.27632
0.55263
1.32632
1.65790
0.01553
0.73684
2.21052
1.65790
1.32632
0.82895
0.82895
1.65790
0.82895
1.65790
0.11635
0.11635
0.16579
0.73684
0.73684
0.82895
1.65790
1.32632
1.65790
0.04876
0.34904
0.00010
1.32632
0.94737
0.14417
1.65790
1.32632
1.32632
1.65790
0.03384
1.65790
1.65790
1.65790
0.11053
1.65790
1.65790
1.65790
1.65790
0.82895
1.10527
1.65790
0.00595
1.65790
0.73684
0.22105
0.41447
0.03878
1.10527
1.65790
0.82895
1.10527
0.06565
1.65790
0.94737
1.65790
0.22105
1.65790
1.65790
0.51012
1.32632
0.73684
0.94737
0.06632
1.65790
1.65790
1.65790
1.65790
1.65790
0.94737
1.65790
0.66316
0.51012
1.10527
0.02455
1.32632
0.14110
1.65790
0.22867
1.32632
0.17451
1.65790
0.66316
1.65790
0.34904
1.65790
1.32632
0.03644
0.30144
1.65790
1.65790
1.65790
0.17003
0.01356
1.65790
0.47368
1.32632
1.65790
0.39009
1.65790
1.65790
1.65790
1.32632
0.60288
1.65790
1.65790
1.65790
0.94737
0.94737
1.65790
0.82895
1.65790
0.60288
1.65790
0.04306
1.65790
1.65790
3.31579
1.65790
1.65790
1.65790
1.65790
1.65790
1.65790
1.65790
1.32632
0.34904
1.65790
0.60288
0.22867
1.32632
0.06632
0.30144
0.60288
1.65790
0.73684
0.94737
1.65790
1.65790
0.05668
1.65790
0.06768
0.22867
1.32632
0.73684
0.18421
0.01461
0.02218
0.82895
0.39009
1.32632
0.02522
0.26526
1.65790
0.25507
1.65790
1.65790
0.14737
1.32632
1.65790
1.65790
0.14110
0.34904
1.65790
1.65790
0.82895
1.65790
0.01481
1.65790
1.32632
1.65790
0.82895
1.32632
1.65790
0.31580
0.47368
0.60288
1.65790
0.19505
1.65790
0.66316
0.01393
1.32632
0.66316
0.82895
1.65790
0.31580
0.04422
0.73684
1.32632
0.03901
1.65790
0.82895
0.44211
1.65790
0.44211
1.10527
1.65790
1.65790
0.26526
0.94737
0.82895
0.51012
0.06438
1.65790
0.73684
1.65790
1.65790
0.01797
0.06837
1.65790
1.32632
1.65790
0.02394
1.10527
0.73684
0.10697
0.66316
1.65790
1.65790
0.17451
0.44211
0.20095
0.44211
0.41447
1.65790
0.73684
0.94737
1.65790
0.94737
1.10527
1.65790
0.47368
0.00920
1.10527
0.08613
1.65790
1.32632
1.10527
1.10527
1.65790
0.47368
0.55263
0.14737
1.65790
0.26526
0.05391
0.05481
1.65790
1.65790
1.65790
0.05023
0.02334
0.47368
1.32632
0.82895
0.34904
0.51012
0.44211
1.65790
0.55263
1.65790
1.65790
1.10527
0.82895
0.47368
1.65790
1.65790
1.65790
0.28832
0.82895
0.36842
0.36842
0.08394
1.65790
1.65790
1.65790
1.65790
1.65790
1.10527
1.10527
0.60288
0.02351
1.32632
0.94737
1.10527
0.44211
0.94737
0.02717
1.32632
0.10203
0.23685
1.32632
0.17924
0.47368
1.65790
1.65790
0.05526
1.65790
0.03128
0.60288
1.65790
0.08842
1.65790
0.60288
1.65790
1.10527
