831
356
842
492
573
72
100
186
75
94
282
531
519
50
334
210
131
375
33
201
60
127
22
37
168
189
102
73
107
64
89
586
101
38
91
98
92
72
49
54
23
64
64
41
71
22
31
21
17
84
44
99
47
21
23
25
66
7
277
74
57
45
13
27
52
10
259
318
379
16
125
50
47
167
53
13
51
48
30
84
133
11
121
52
12
17
29
652
53
70
39
16
71
110
17
61
26
11
18
41
101
9
20
20
18
35
15
41
40
41
21
41
39
8
30
59
17
59
31
15
76
32
325
18
34
24
46
13
28
51
22
20
137
32
31
84
7
45
46
12
6
13
139
25
80
106
14
54
19
11
40
276
54
27
95
49
45
30
134
8
28
18
41
7
135
12
21
22
513
7
209
12
27
13
20
12
29
10
26
399
112
11
12
16
11
330
61
149
24
7
20
20
9
10
24
37
23
17
6
19
60
6
35
4
113
6
111
5
9
11
22
9
6
10
16
21
14
22
8
4
134
108
47
14
23
10
11
9
10
7
47
8
5
20
55
12
46
6
20
194
41
28
27
9
19
82
4
8
292
39
4
2
43
8
92
19
6
13
11
31
88
6
7
230
96
4
15
9
53
14
19
15
6
10
33
82
14
16
56
38
9
14
10
8
13
8
16
16
3
10
36
32
10
17
7
10
18
63
3
14
61
10
8
18
12
10
6
25
24
111
11
154
28
18
44
15
26
5
7
18
55
13
16
15
11
63
95
8
15
3
21
6
9
75
69
135
56
8
13
879
12
21
17
15
4
23
11
13
13
10
4
8
15
15
24
24
6
38
15
14
42
3
32
16
3
146
7
7
14
7
29
15
9
9
74
20
9
8
9
172
14
16
29
50
12
119
15
38
5
7
2
6
7
7
7
7
13
8
17
8
4
15
4
8
12
2
8
34
17
17
4
52
10
11
9
4
13
3
8
10
5
30
3
17
21
6
24
3
6
6
13
5
201
2
3
10
10
7
3
7
7
16
6
11
7
57
35
7
12
8
6
12
17
5
14
11
74
5
4
4
390
9
11
7
4
91
341
11
144
11
3
2
14
27
9
11
17
6
16
10
3
47
32
224
21
11
10
11
11
46
37
3
8
13
4
15
11
84
887
103
22
21
9
16
3
20
3
7
11
15
11
5
26
15
10
10
3
3
5
3
4
9
27
2
3
10
19
13
4
10
2
7
5
10
5
4
10
2
5
12
11
12
7
23
6
30
8
7
8
378
4
5
8
18
6
7
12
3
20
25
3
10
22
28
13
9
10
4
7
8
4
31
41
5
14
34
9
9
8
2
18
4
6
11
5
3
5
7
74
3
10
11
31
9
7
6
7
3
138
2
58
76
18
9
5
6
9
11
20
5
13
29
5
5
9
10
12
12
3
9
9
61
6
9
10
38
5
10
9
28
5
35
12
9
50
8
22
13
1
10
9
10
15
8
19
8
11
4
14
1
8
2
374
2
8
13
8
897
3
26
7
54
8
3
6
66
76
6
6
11
25
2
5
12
2
5
54
1
22
2
3
13
5
16
3
58
8
7
7
6
4
6
9
9
17
5
4
27
8
169
3
43
8
5
3
6
4
1
8
211
17
23
8
4
2
12
3
2
6
6
6
54
4
25
180
31
9
32
3
25
2
3
19
14
7
20
2
14
17
4
4
7
7
8
4
4
293
3
3
16
9
72
3
10
13
7
7
12
7
7
7
3
7
2
13
6
27
11
498
6
6
59
6
7
2
7
7
8
35
8
3
2
8
12
8
3
10
4
4
5
56
12
29
8
33
159
6
1
48
5
12
665
9
2
7
6
29
11
20
4
14
16
2
12
4
22
7
3
4
28
2
70
7
6
6
10
3
4
5
3
3
70
4
211
2
4
14
4
3
3
32
8
1
7
14
4
30
5
264
4
5
4
7
3
6
4
4
2
9
7
2
7
13
10
13
4
3
2
6
27
101
8
7
10
5
2
7
3
8
58
62
4
2
7
7
2
3
5
8
6
18
4
2
6
3
38
6
6
15
6
4
9
89
8
23
6
6
26
15
7
6
4
3
3
32
6
5
1
3
91
6
2
3
61
18
3
6
6
22
4
6
12
4
6
19
1
6
61
92
6
6
16
2
61
6
3
9
3
4
1
3
3
15
3
2
7
5
5
12
3
5
7
2
11
5
3
5
6
3
6
1
32
16
11
2
40
4
13
6
6
6
3
8
5
3
1
3
13
6
6
5
72
4
2
2
1
24
6
9
5
8
3
6
7
11
2
36
4
6
4
3
5
24
7
39
5
15
118
55
17
17
26
4
22
11
3
12
6
1
38
6
7
6
4
3
81
2
4
4
7
11
78
6
6
6
5
4
5
7
5
4
5
5
4
5
3
6
6
14
6
3
4
2
2
9
157
2
2
292
56
4
4
2
3
2
3
16
10
2
24
2
5
12
5
1
2
5
3
2
4
6
5
4
5
50
5
2
28
2
16
8
6
2
5
2
2
2
4
5
4
1
8
12
5
27
5
14
2
7
3
4
4
20
5
5
2
2
1
2
6
34
15
22
6
5
3
12
3
7
1
4
17
4
4
1
5
3
5
5
15
5
5
9
9
3
5
19
1
4
56
3
1
5
9
2
16
7
4
5
5
3
8
17
4
16
1
2
3
3
3
5
3
3
2
6
5
1
4
4
2
13
13
2
3
25
5
4
3
3
4
2
2
12
3
7
10
3
3
3
38
3
5
11
65
5
87
10
4
22
8
6
4
2
5
16
2
5
5
2
8
5
5
5
4
70
2
6
6
5
146
2
3
41
39
165
12
41
4
8
1
5
2
10
6
5
1
15
4
5
5
45
11
4
3
5
141
34
2
2
4
3
1
16
31
3
5
5
8
4
4
4
4
5
4
4
4
4
4
4
4
3
19
4
3
6
2
2
10
109
2
4
3
4
4
2
4
2
1
5
1
3
1
4
4
6
20
4
27
66
10
2
1
2
1
8
14
1
1
3
4
2
4
4
15
1
1
4
20
2
29
3
6
4
2
62
2
6
2
2
30
1
2
4
16
4
9
8
5
3
190
5
3
1
3
2
3
3
6
2
7
9
21
5
5
4
3
2
2
43
7
2594
2
2
10
2
2
5
3
29
4
4
2
24
4
2
3
4
5
4
4
213
4
6
4
4
98
6
4
4
5
37
2
5
3
4
4
2
7
5
4
3
28
3
4
1
4
4
5
1
10
9
1
58
2
8
4
20
2
21
2
9
2
7
1
3
20
15
1
2
4
10
160
1
8
2
2
3
1
3
4
3
2
3
4
2
7
6
4
5
4
9
3
17
1
1
1
1
4
2
1
2
2
4
3
4
4
7
2
2
14
2
7
4
3
7
4
4
88
1
12
4
3
2
28
356
42
8
3
1
111
6
4
3
4
2
8
1
1
1
5
3
4
2
1
1
70
1
2
2
4
5
2
8
8
11
4
22
2
8
269
3
5
4
3
4
25
5
2
13
1
2
4
3
2
6
4
4
4
5
3
3
101
2
1
4
1
40
14
4
2
4
18
3
4
5
2
1
4
15
15
14
9
2
4
5
2
2
3
3
4
4
519
2
8
3
2
6
4
2
4
12
8
4
15
20
12
4
4
2
46
28
5
5
2
12
3
5
2
4
1
1
2
3
8
4
4
4
5
2
7
12
32
2
4
2
1
4
2
5
3
59
2
6
3
5
1
229
2
53
24
4
15
6
2
4
26
2
52
4
2
13
1
3
4
5
