3453306553 46
29447428 28
1238370241169616897 14
1108565574 13
21525682 12
19739126 12
1120633726478823425 12
1462548977367359490 11
95091601 10
48624704 10
18831926 10
2809959174 9
26217297 9
938494109844729856 8
2615581908 8
254515782 8
1387010761994682371 8
1268223690480615424 8
878284831 7
467726691 7
15801906 7
926164634570067968 6
45379403 6
34116377 6
32871086 6
3131144855 6
2885493519 6
262219168 6
1921951394 6
1280478731874848769 6
1238583088998830081 6
950215424981028864 5
92932981 5
86626845 5
66917778 5
342863309 5
2768501 5
22187085 5
1471037967926018051 5
139109800 5
1335983975613939712 5
1238949674989416449 5
1237314642583658496 5
1098819491780153345 5
950563187296030721 4
870629200348274688 4
868673067223887872 4
76842602 4
711608180535640064 4
65357102 4
63942152 4
605153786 4
490002009 4
3303457302 4
3246790436 4
2608740770 4
255812611 4
2227646515 4
20052899 4
178580925 4
15480566 4
14281853 4
14247236 4
1117704370630455296 4
1096205507348623360 4
1080844782 4
1005846500583321601 4
