50122160
50732546
52615377
45041039
50776149
50913245
20595117
45273033
39569598
49693975
38491967
36642996
50881246
52254603
51987970
49750558
49115690
50608834
50068216
51147790
43546353
50199793
52476938
50774468
49273674
49148452
41012519
52938698
52793250
52173832
49447323
52564468
49355567
52797744
52894384
53082946
49992211
53084107
51065232
51934027
50652563
52830980
52774618
52496677
49202417
51243012
53072811
51379338
53009736
51325095
53016962
50702879
50941451
35985708
45193257
46983871
53008075
51917998
52266433
50895620
51010391
39134375
35004134
53071109
53037408
51247650
46134316
50592435
52706646
45284807
53047425
52517734
52223435
51809405
38672733
52753467
50761804
52500542
50378566
51210331
49786731
50389232
51110953
49042814
51915884
52447634
52966385
52947077
30559999
52845727
50057481
52008531
51199159
51145127
50736950
53052943
52012289
52697458
42800127
51142763
49945008
50667536
51214937
53047293
52639757
52451546
52474360
52300235
49865122
52150226
50864942
52791632
38002140
49600435
45761937
48354073
49390985
51130320
49248343
52754918
12598621
53058008
51007592
37010568
50720905
53057410
51197300
52683195
27681907
51152957
52161778
50005452
50669529
49998206
50759440
52709697
52631742
50676891
52479341
52160649
52705209
52533596
51126995
51301346
52850806
51744771
49908889
51645455
39792599
53067930
53075086
38243114
52776495
50718004
29569603
52868156
52778209
31612235
52048190
52844555
53084041
52918997
53018444
50704952
50015891
50200864
47964988
51403161
50424562
49945404
20422170
53002620
52976583
52489871
53071190
50287514
14720400
52812751
52801489
40684262
52882573
33631101
52724725
49989755
52558011
52036644
50038433
52821302
52294653
52147775
49200164
53078987
50593376
41521760
52660946
52804949
49263512
38610362
50658053
49423742
38312855
49647049
43058502
52556992
43083835
51959847
49396726
52960608
52986477
18548250
52789100
51874804
50332419
50002830
52913882
52437017
52402330
47950934
52958253
47257366
36595881
53013845
52978794
52186522
51728657
52573608
52091533
51252850
52761040
38855113
51968865
53093124
53014052
52886341
52660802
51138056
46619300
52870090
52744183
51803143
51409347
51081226
52960550
52953635
33378222
52444905
49808679
53021867
47412112
47346111
48523769
48185764
28644226
52988732
48135836
52562171
30672120
52768278
52363384
50880858
47265458
52987300
50104667
49618395
33993847
50833636
50147915
50289674
50270744
43086691
43002296
31798459
50989966
37386263
52978849
49374774
43152633
52985657
50442542
52770861
51643689
51341166
49524801
39366896
52947165
51725472
52496636
52822617
52479865
50703543
49828549
43879637
51337956
39425588
53070409
51343687
49059365
50631983
50452306
41905526
51167656
51205644
49559882
30329810
36369004
52744964
51112341
50755863
52572105
51741466
49577356
40938563
52571463
52821457
52764679
41125812
52947290
49514928
52859210
40432963
35039726
52872993
52712162
48358035
47867897
44020425
39424751
53067931
52014761
52009378
50616776
51740940
50323648
47307757
53015634
52618134
50759001
49097813
51388692
45088744
52317033
38889875
50058656
52977415
48581126
50899460
46348524
53087372
52280224
52272094
52229186
50946478
35373008
53060203
40354595
47392054
46905518
37805349
52778876
51731994
50909980
50858933
51273949
42627253
34236000
51935069
51668159
51212167
50375720
26802692
36398642
51376733
52859935
51152027
50940744
53084718
52818926
51930306
53066131
53031416
50971011
39828223
45838740
51277212
49963437
20401140
52477572
52908596
49956909
25613486
53041816
52887769
50747195
50067221
49629036
48204227
52963744
52809057
52651244
52027938
51749393
18800155
52464095
42706701
41523864
18548312
50001942
39653614
52613129
52599173
49709123
47116775
53058973
52009166
47226334
53074803
49464729
48242885
39663319
33360060
50739528
26973976
52875304
52847717
52687412
52417414
51152905
50262576
46877221
39773708
52719824
50869571
49850969
44184384
42852744
44657626
34844779
52934870
52643745
52599570
49257001
34271677
53030545
51366396
46194801
45979403
38350586
52891206
51736210
50079159
40882846
52584172
51210590
51116836
49621826
52960913
52784843
52545329
50874414
44498121
52653706
53073369
52987415
52935844
49494754
37928338
52388392
51067904
49286822
44761874
52139358
50898292
53092736
49336548
39614869
35523175
26915713
23360882
52921362
45245794
49561769
35854103
52996207
52499409
52205720
50768673
30081986
52932081
49344980
36055300
53080622
52959840
52754940
52437038
51716884
41549714
53057371
52720291
52063173
51080263
41763380
36567112
52853018
52389304
51315280
50959090
42173554
36232108
29639251
22952028
51927631
51003836
53079427
52438789
50605810
49836087
49445874
49312585
53052945
53024515
52287009
51814776
51764665
51380442
49216591
51717849
50762809
50223242
49355557
48245725
53009403
51761391
49298311
52542864
52487933
49194495
53071138
53016908
52468373
51388751
51062124
48750423
45814424
45775115
43932718
52708799
52624195
50178145
49620110
52923654
50909784
49796397
49131037
48840057
52606675
51209967
51097716
42442234
53092367
52764121
49389861
46160224
41775808
51701856
50734993
43021965
49694975
36681550
53026413
52769068
52214553
50857882
44538579
50747141
50150483
53053083
50794483
49315939
49102993
35316077
31406259
52961594
51737389
50684595
51300959
50935517
50368037
40595889
40051756
52769408
52362855
51066882
50859589
50175632
53012990
50740272
50717925
50320963
36818999
30101572
27114827
52398462
51343369
50950064
50886639
49867522
42357512
41980939
52623080
52536648
52240154
51299750
51136581
50977226
13993962
52776909
52649455
52793976
52783335
52340667
51340000
50119287
44819611
52841839
52545721
52397641
51831325
51650080
51043906
50706176
50658596
46849857
44731169
44207108
36949740
49022073
45180289
53070662
52918265
52782589
52746542
52526368
52357858
45344448
53075795
52768983
52486517
51767311
52697971
49684429
49320094
42152039
38840436
36780283
51320059
49664433
33559580
52900384
52441867
52124482
51263286
50429811
49255792
49111640
42372900
53045954
52172447
52109600
51152855
51010646
50372990
44189182
43093648
53053049
52928260
51406912
48500875
39381520
53025502
52806429
52770104
52590451
52501683
51079773
50746081
50384836
43681751
36152181
52797417
43320771
40001053
53006770
52375519
51336578
51140190
49322932
46856618
39352452
53069821
52851134
52797729
52203333
50093726
49353662
44527841
40891338
35583599
24821538
52700359
51688225
51616072
51362690
49784014
33666987
31888987
28749888
52776905
52769680
45911168
45861535
33612856
32236675
52998086
52846971
52841075
52640872
52558032
47862135
37015883
52536074
51752008
51266167
51008196
50798783
50774246
52905723
51889051
51864310
51624230
51359947
51237296
49553538
14403122
52485851
52027907
51908618
51150291
49693503
49531257
36438183
53015346
52888137
52832478
52692817
51048555
50983162
50695806
44806789
44776887
53064010
53021951
52930352
52693037
51988066
51979649
49985562
49738138
49437056
49332535
42975208
33587739
52921118
52447932
52327458
52204092
51345392
50334423
49380797
47304339
40884237
38778131
36632284
36247714
30212713
20018062
50728990
49957190
43519458
52857480
52438824
52432257
52096512
51914753
51378626
51177466
51101301
51095446
38577070
53006845
52780213
52627388
52507985
51350262
50780512
50681562
49697848
30501489
52983693
52952506
52258595
52045373
51899002
51697838
51341721
50462706
50221812
49818928
49779580
49580074
48282789
43389853
43127415
42636479
37492827
52747250
52436282
51060163
51020757
50237277
49789211
49456371
48486228
43640584
52445820
51394793
51304688
50984552
50954482
49551923
38967405
38899800
23595366
52562189
52317431
51381608
51357939
50555753
49447535
53096155
52877960
52644129
51958405
51688728
51636710
50951948
50491732
50366777
50302730
49726283
48819053
48379653
53033443
52864495
51062975
50810207
50735506
49709381
49256646
48420158
45042957
41104747
53089838
52833260
53057129
53027693
52231964
51804372
51272397
51063473
49883642
49338731
41988825
31283258
53067436
52913038
52631726
52364186
51116445
50685026
50510246
48028003
46220931
41934110
38782199
38685946
31706721
52719490
52527375
52435894
50986119
49945660
45339081
35944741
31844968
27769902
23801320
53087799
52902190
52778199
52746777
51654951
50245100
50142550
49968721
46398585
46057280
36801808
34956297
16056234
52946003
52760989
52532871
52077199
52021908
51395538
51267193
51200408
50264364
50149954
49000954
41093134
52977633
52866174
52840188
51631879
50420175
50121460
50091197
42480219
33382577
27290383
53048056
53043892
52759271
52421621
52416483
50903265
50460693
50123972
50042615
49931260
49837360
47313975
14807203
52693154
52507046
52417417
52306476
52223520
51985044
51639711
50888688
50591678
50552724
50128797
50109712
49895626
48738119
45761633
53049759
52969730
52932955
52872630
52385990
52042479
50553643
49935455
49614641
45460192
52928593
52506680
52176580
51039672
50826414
50699680
50506686
49404909
40427568
52992914
52548648
52432457
52431159
52281917
51177889
51169169
50914351
50708211
49979986
46089061
33113980
